28 37
00 00 00 00 00 00 00 00 00 00 00 00 00 00 00 00 00 00 00 00 00 00 00 00 00 00 00 00
00 00 00 00 00 00 00 00 00 00 00 00 00 00 00 00 00 00 00 00 00 00 00 00 00 00 00 00
00 00 00 00 00 00 00 00 00 00 00 00 00 00 00 00 00 00 00 00 00 00 00 00 00 00 00 00
04 09 09 09 09 09 09 09 09 09 09 09 09 06 04 09 09 09 09 09 09 09 09 09 09 09 09 06
17 30 30 30 30 30 30 30 30 30 30 30 30 17 17 30 30 30 30 30 30 30 30 30 30 30 30 17
17 30 04 09 09 06 30 04 09 09 09 06 30 17 17 30 04 09 09 09 06 30 04 09 09 06 30 17
17 28 17 00 00 17 30 17 00 00 00 17 30 17 17 30 17 00 00 00 17 30 17 00 00 17 28 17
17 30 24 09 09 26 30 24 09 09 09 26 30 24 26 30 24 09 09 09 26 30 24 09 09 26 30 17
17 30 30 30 30 30 30 30 30 30 30 30 30 30 30 30 30 30 30 30 30 30 30 30 30 30 30 17
17 30 04 09 09 06 30 04 06 30 04 09 09 09 09 09 09 06 30 04 06 30 04 09 09 06 30 17
17 30 24 09 09 26 30 17 17 30 24 09 09 06 04 09 09 26 30 17 17 30 24 09 09 26 30 17
17 30 30 30 30 30 30 17 17 30 30 30 30 17 17 30 30 30 30 17 17 30 30 30 30 30 30 17
24 09 09 09 09 06 30 17 24 09 09 06 00 17 17 00 04 09 09 26 17 30 04 09 09 09 09 26
00 00 00 00 00 17 30 17 04 09 09 26 00 24 26 00 24 09 09 06 17 30 17 00 00 00 00 00
00 00 00 00 00 17 30 17 17 00 00 00 00 00 00 00 00 00 00 17 17 30 17 00 00 00 00 00
00 00 00 00 00 17 30 17 17 00 04 09 09 18 18 09 09 06 00 17 17 30 17 00 00 00 00 00
09 09 09 09 09 26 30 24 26 00 17 00 00 00 00 00 00 17 00 24 26 30 24 09 09 09 09 09
00 00 00 00 00 00 30 00 00 00 17 00 00 00 00 00 00 17 00 00 00 30 00 00 00 00 00 00
09 09 09 09 09 06 30 04 06 00 17 00 00 00 00 00 00 17 00 04 06 30 04 09 09 09 09 09
00 00 00 00 00 17 30 17 17 00 24 09 09 09 09 09 09 26 00 17 17 30 17 00 00 00 00 00
00 00 00 00 00 17 30 17 17 00 00 00 00 00 00 00 00 00 00 17 17 30 17 00 00 00 00 00
00 00 00 00 00 17 30 17 17 00 04 09 09 09 09 09 09 06 00 17 17 30 17 00 00 00 00 00
04 09 09 09 09 26 30 24 26 00 24 09 09 06 04 09 09 26 00 24 26 30 24 09 09 09 09 06
17 30 30 30 30 30 30 30 30 30 30 30 30 17 17 30 30 30 30 30 30 30 30 30 30 30 30 17
17 30 04 09 09 06 30 04 09 09 09 06 30 17 17 30 04 09 09 09 06 30 04 09 09 06 30 17
17 30 24 09 06 17 30 24 09 09 09 26 30 24 26 30 24 09 09 09 26 30 17 04 09 26 30 17
17 28 30 30 17 17 30 30 30 30 30 30 30 00 00 30 30 30 30 30 30 30 17 17 30 30 28 17
24 09 06 30 17 17 30 04 06 30 04 09 09 09 09 09 09 06 30 04 06 30 17 17 30 04 09 26
04 09 26 30 24 26 30 17 17 30 24 09 09 06 04 09 09 26 30 17 17 30 24 26 30 24 09 06
17 30 30 30 30 30 30 17 17 30 30 30 30 17 17 30 30 30 30 17 17 30 30 30 30 30 30 17
17 30 04 09 09 09 09 26 24 09 09 06 30 17 17 30 04 09 09 26 24 09 09 09 09 06 30 17
17 30 24 09 09 09 09 09 09 09 09 26 30 24 26 30 24 09 09 09 09 09 09 09 09 26 30 17
17 30 30 30 30 30 30 30 30 30 30 30 30 30 30 30 30 30 30 30 30 30 30 30 30 30 30 17
24 09 09 09 09 09 09 09 09 09 09 09 09 09 09 09 09 09 09 09 09 09 09 09 09 09 09 26
00 00 00 00 00 00 00 00 00 00 00 00 00 00 00 00 00 00 00 00 00 00 00 00 00 00 00 00
00 00 00 00 00 00 00 00 00 00 00 00 00 00 00 00 00 00 00 00 00 00 00 00 00 00 00 00